2.300000000000000000e+01 5.500000000000000000e+01
2.200000000000000000e+01 9.600000000000000000e+01
3.000000000000000000e+01 8.000000000000000000e+01
9.000000000000000000e+00 4.100000000000000000e+01
1.700000000000000000e+01 5.400000000000000000e+01
2.100000000000000000e+01 9.100000000000000000e+01
1.600000000000000000e+01 8.500000000000000000e+01
1.300000000000000000e+01 1.060000000000000000e+02
1.600000000000000000e+01 4.500000000000000000e+01
1.900000000000000000e+01 5.700000000000000000e+01
2.000000000000000000e+01 8.300000000000000000e+01
9.000000000000000000e+00 1.050000000000000000e+02
1.100000000000000000e+01 1.050000000000000000e+02
2.000000000000000000e+01 6.800000000000000000e+01
2.300000000000000000e+01 6.100000000000000000e+01
2.500000000000000000e+01 4.800000000000000000e+01
