2.100000000000000000e+01 7.600000000000000000e+01
1.500000000000000000e+01 1.030000000000000000e+02
2.800000000000000000e+01 7.600000000000000000e+01
1.000000000000000000e+01 4.100000000000000000e+01
2.800000000000000000e+01 3.900000000000000000e+01
2.300000000000000000e+01 8.100000000000000000e+01
1.600000000000000000e+01 9.900000000000000000e+01
1.800000000000000000e+01 9.000000000000000000e+01
2.500000000000000000e+01 5.100000000000000000e+01
2.200000000000000000e+01 5.000000000000000000e+01
2.300000000000000000e+01 8.200000000000000000e+01
1.800000000000000000e+01 1.020000000000000000e+02
1.800000000000000000e+01 9.200000000000000000e+01
2.700000000000000000e+01 8.000000000000000000e+01
2.200000000000000000e+01 5.500000000000000000e+01
2.100000000000000000e+01 3.800000000000000000e+01
