4.100000000000000000e+01 1.000000000000000000e+00
3.700000000000000000e+01 0.000000000000000000e+00
4.200000000000000000e+01 0.000000000000000000e+00
3.800000000000000000e+01 0.000000000000000000e+00
4.300000000000000000e+01 1.000000000000000000e+00
4.300000000000000000e+01 1.000000000000000000e+00
3.900000000000000000e+01 1.000000000000000000e+00
4.100000000000000000e+01 2.000000000000000000e+00
4.100000000000000000e+01 1.000000000000000000e+00
4.500000000000000000e+01 0.000000000000000000e+00
3.300000000000000000e+01 1.000000000000000000e+00
3.600000000000000000e+01 2.000000000000000000e+00
4.400000000000000000e+01 1.000000000000000000e+00
3.300000000000000000e+01 1.000000000000000000e+00
3.100000000000000000e+01 1.000000000000000000e+00
3.400000000000000000e+01 1.000000000000000000e+00
