2.200000000000000000e+01 6.500000000000000000e+01
1.700000000000000000e+01 1.050000000000000000e+02
2.200000000000000000e+01 8.400000000000000000e+01
1.500000000000000000e+01 4.400000000000000000e+01
2.100000000000000000e+01 6.000000000000000000e+01
1.700000000000000000e+01 8.200000000000000000e+01
2.300000000000000000e+01 8.000000000000000000e+01
1.700000000000000000e+01 9.700000000000000000e+01
1.900000000000000000e+01 5.000000000000000000e+01
3.000000000000000000e+01 4.900000000000000000e+01
2.700000000000000000e+01 8.700000000000000000e+01
2.200000000000000000e+01 9.800000000000000000e+01
1.800000000000000000e+01 9.300000000000000000e+01
2.000000000000000000e+01 8.400000000000000000e+01
1.600000000000000000e+01 5.500000000000000000e+01
1.500000000000000000e+01 5.600000000000000000e+01
