2.000000000000000000e+00 3.500000000000000000e+01
0.000000000000000000e+00 1.140000000000000000e+02
5.000000000000000000e+00 6.500000000000000000e+01
0.000000000000000000e+00 1.000000000000000000e+00
1.000000000000000000e+00 6.000000000000000000e+00
3.000000000000000000e+00 7.200000000000000000e+01
4.000000000000000000e+00 9.100000000000000000e+01
1.800000000000000000e+01 7.800000000000000000e+01
1.000000000000000000e+00 5.000000000000000000e+00
1.000000000000000000e+00 2.000000000000000000e+00
2.400000000000000000e+01 5.600000000000000000e+01
0.000000000000000000e+00 1.300000000000000000e+02
2.000000000000000000e+00 1.120000000000000000e+02
1.500000000000000000e+01 3.100000000000000000e+01
1.000000000000000000e+00 0.000000000000000000e+00
0.000000000000000000e+00 3.000000000000000000e+00
